Sampling Interval(sec),001
Measuring date,2024/09/20 12:22:43

Strength,Odor Intensity
0221,3,5
0246,3,6
0265,3,6
0262,3,6
0259,3,6
0259,3,7
0287,3,7
0313,3,7
0334,3,7
0352,3,8
0363,3,8
0363,3,8
0351,3,9
0332,3,9
0325,3,8
0295,3,8
0267,3,8
0245,3,8
0229,3,7
0206,3,7
0193,3,6
0179,3,6
0177,3,5
0169,3,5
0162,3,5
0160,3,4
0149,3,4
0130,3,4
0121,3,3
0110,3,3
0103,3,2
0102,3,2
0095,3,2
0088,3,1
0083,3,1
0081,3,1
0074,3,0
0063,3,0
0052,2,9
0044,2,8
0037,2,8
0035,2,7
0034,2,6
0034,2,6
0035,2,5
0036,2,5
0037,2,5
0037,2,5
0037,2,5
0039,2,5
0039,2,5
0045,2,5
0050,2,6
0054,2,6
0058,2,6
0060,2,7
0070,2,7
0084,2,8
0091,2,9
0100,2,9
0102,3,0
0103,3,0
0107,3,1
0108,3,1
0104,3,1
0093,3,1
0084,3,1
0074,3,0
0060,3,0
0050,2,9
0041,2,8
0038,2,7
0035,2,7
0033,2,6
0030,2,5
0029,2,5
0027,2,5
0027,2,5
0026,2,5
0025,2,5
0022,2,5
0017,2,5
0015,2,5
0013,2,5
0011,2,5
0011,2,5
0011,2,5
0011,2,5
0011,2,5
0011,2,5
0013,2,5
0015,2,5
0020,2,5
0022,2,5
0022,2,5
0021,2,5
0020,2,5
0018,2,5
0016,2,5
0015,2,5
0015,2,5
0016,2,5
0016,2,5
0018,2,5
0018,2,5
0017,2,5
0015,2,5
0013,2,5
0012,2,5
0011,2,5
0011,2,5
0010,2,5
0010,2,5
0011,2,5
0012,2,5
0012,2,5
0012,2,5
0012,2,5
0012,2,5
0012,2,5
0013,2,5
0013,2,5
0015,2,5
0015,2,5
0015,2,5
0015,2,5
0015,2,5
0015,2,5
0015,2,5
0015,2,5
0015,2,5
0015,2,5
0015,2,5
0015,2,5
0014,2,5
0013,2,5
0011,2,5
0011,2,5
0011,2,5
0011,2,5
0011,2,5
0011,2,5
0011,2,5
0011,2,5
0011,2,5
0011,2,5
0011,2,5
0011,2,5
0009,2,5
0009,2,5
0009,2,5
0009,2,5
0010,2,5
0011,2,5
0012,2,5
0012,2,5
0013,2,5
0013,2,5
0013,2,5
0013,2,5
0013,2,5
0013,2,5
0012,2,5
0012,2,5
0012,2,5
0012,2,5
0012,2,5
0012,2,5
0012,2,5
0012,2,5
0012,2,5
0012,2,5
0012,2,5
0012,2,5
0012,2,5
0012,2,5
0012,2,5
0012,2,5
0012,2,5
0012,2,5
0012,2,5
0013,2,5
0013,2,5
0013,2,5
0013,2,5
0013,2,5
0013,2,5
0013,2,5
0013,2,5
0013,2,5
0012,2,5
0012,2,5
0012,2,5
0012,2,5
0012,2,5
0012,2,5
0012,2,5
0012,2,5
0012,2,5
0012,2,5
0012,2,5
0012,2,5
0012,2,5
0012,2,5
0011,2,5
0011,2,5
0011,2,5
0010,2,5
0010,2,5
0010,2,5
0010,2,5
0010,2,5
0010,2,5
0010,2,5
0010,2,5
0010,2,5
0010,2,5
0010,2,5
0010,2,5
0009,2,5
0009,2,5
0009,2,5
0008,2,5
0008,2,5
0008,2,5
0008,2,5
0008,2,5
0008,2,5
0008,2,5
0008,2,5
0008,2,5
0008,2,5
0008,2,5
0008,2,5
0008,2,5
0008,2,5
0008,2,5
0008,2,5
0008,2,5
0008,2,5
0008,2,5
0008,2,5
0008,2,5
0008,2,5
0008,2,5
0008,2,5
0008,2,5
0008,2,5
0008,2,5
0008,2,5
0008,2,5
0008,2,5
0008,2,5
0008,2,5
0008,2,5
0008,2,5
0008,2,5
0011,2,5
0053,2,5
0106,2,5
0142,2,8
0129,3,0
0103,3,1
0080,3,1
0061,3,0
0043,2,9
0035,2,8
0030,2,7
0026,2,6
0022,2,5
0020,2,5
0018,2,5
0016,2,5
0015,2,5
0013,2,5
0012,2,5
0012,2,5
0030,2,5
0057,2,5
0161,2,6
0354,3,2
0511,3,6
0609,3,8
0643,4,0
0643,4,1
0612,4,1
0588,4,2
0537,4,2
0504,4,1
0468,4,1
0425,4,1
0382,4,0
0325,4,0
0253,3,9
0202,3,8
0166,3,7
0149,3,7
0143,3,6
0131,3,5
0119,3,4
0115,3,3
0113,3,3
0113,3,3
0113,3,2
0115,3,2
0115,3,2
0115,3,2
0115,3,2
0115,3,2
0111,3,2
0103,3,2
0095,3,1
0086,3,1
0078,3,1
0074,3,0
0071,3,0
0064,2,9
0060,2,9
0054,2,9
0053,2,8
0049,2,8
0047,2,7
0047,2,7
0045,2,7
0042,2,6
0039,2,6
0039,2,6
0037,2,5
0037,2,5
0036,2,5
0036,2,5
0034,2,5
0033,2,5
0033,2,5
0033,2,5
0030,2,5
0029,2,5
0027,2,5
0027,2,5
0027,2,5
0026,2,5
0026,2,5
0026,2,5
0026,2,5
0026,2,5
0027,2,5
0027,2,5
0027,2,5
0026,2,5
0026,2,5
0026,2,5
0026,2,5
0026,2,5
0026,2,5
0026,2,5
0026,2,5
0026,2,5
0025,2,5
0024,2,5
0023,2,5
0022,2,5
0022,2,5
0021,2,5
0021,2,5
0021,2,5
0019,2,5
0019,2,5
0018,2,5
0018,2,5
0018,2,5
0018,2,5
0018,2,5
0017,2,5
0017,2,5
0017,2,5
0017,2,5
0017,2,5
0017,2,5
0017,2,5
0018,2,5
0018,2,5
0018,2,5
0018,2,5
0018,2,5
0018,2,5
0018,2,5
0018,2,5
0018,2,5
0018,2,5
0018,2,5
0018,2,5
0018,2,5
0017,2,5
0017,2,5
0017,2,5
0016,2,5
0015,2,5
0014,2,5
0013,2,5
0013,2,5
0013,2,5
0012,2,5
0012,2,5
0012,2,5
0012,2,5
0012,2,5
0012,2,5
0012,2,5
0012,2,5
0012,2,5
0012,2,5
0012,2,5
0012,2,5
0012,2,5
0012,2,5
0012,2,5
0012,2,5
0012,2,5
0012,2,5
0012,2,5
0012,2,5
0012,2,5
0012,2,5
0012,2,5
0012,2,5
0012,2,5
0012,2,5
0012,2,5
0012,2,5
0012,2,5
0012,2,5
0012,2,5
0012,2,5
0012,2,5
0012,2,5
0012,2,5
0012,2,5
0012,2,5
0012,2,5
0012,2,5
0012,2,5
0012,2,5
0012,2,5
0012,2,5
0012,2,5
0012,2,5
0012,2,5
0012,2,5
0012,2,5
0012,2,5
0012,2,5
0012,2,5
0012,2,5
0012,2,5
0012,2,5
0014,2,5
0022,2,5
0026,2,5
0026,2,5
0028,2,5
0028,2,5
0031,2,5
0034,2,5
0040,2,5
0064,2,5
0089,2,7
0090,2,8
0080,2,9
0067,2,9
0050,2,8
0041,2,8
0036,2,7
0030,2,6
0027,2,5
0023,2,5
0021,2,5
0020,2,5
0019,2,5
0019,2,5
0018,2,5
0018,2,5
0017,2,5
0017,2,5
0017,2,5
0017,2,5
0016,2,5
0015,2,5
0015,2,5
0015,2,5
0015,2,5
0014,2,5
0014,2,5
0014,2,5
0014,2,5
0014,2,5
0015,2,5
0016,2,5
0017,2,5
0025,2,5
0041,2,5
0060,2,5
0074,2,6
0083,2,7
0088,2,8
0095,2,9
0096,2,9
0100,3,0
0102,3,0
0100,3,1
0095,3,1
0087,3,1
0080,3,0
0079,3,0
0077,3,0
0067,3,0
0067,2,9
0075,2,9
0075,2,9
0076,2,9
0079,2,9
0079,2,9
0077,2,9
0072,2,9
0065,2,9
0062,2,9
0061,2,8
0061,2,8
0061,2,8
0061,2,8
0061,2,8
0061,2,8
0058,2,8
0054,2,8
0050,2,7
0049,2,7
0048,2,7
0048,2,7
0046,2,7
0044,2,6
0043,2,6
0040,2,6
0038,2,6
0036,2,5
0036,2,5
0036,2,5
0036,2,5
0038,2,5
0038,2,5
0038,2,5
0038,2,5
0038,2,5
0038,2,5
0037,2,5
0035,2,5
0033,2,5
0033,2,5
0032,2,5
0031,2,5
0030,2,5
0030,2,5
0030,2,5
0030,2,5
0030,2,5
0030,2,5
0030,2,5
0030,2,5
0030,2,5
0030,2,5
0030,2,5
0030,2,5
0030,2,5
0030,2,5
0030,2,5
0030,2,5
0030,2,5
0030,2,5
0030,2,5
0030,2,5
0030,2,5
0030,2,5
0030,2,5
0030,2,5
0028,2,5
0028,2,5
0027,2,5
0026,2,5
0026,2,5
0025,2,5
0024,2,5
0023,2,5
0023,2,5
0023,2,5
0023,2,5
0023,2,5
0023,2,5
0023,2,5
0023,2,5
0023,2,5
0023,2,5
0022,2,5
0022,2,5
0022,2,5
0022,2,5
0022,2,5
0022,2,5
0022,2,5
0022,2,5
0022,2,5
0021,2,5
0021,2,5
0019,2,5
0019,2,5
0018,2,5
